1048	0.99999999900000002828	0.00000000100000000000
332012	0.99214310170198505290	0.00785689829801498700
130773_A	0.99706375452570161766	0.00293624547429834721
1655_A	0.03617511820087977031	0.96382488179912029214
1774	0.40140754247339044403	0.59859245752660950046
7279	0.12402303090252908557	0.87597696909747091443
1207	0.99999999900000002828	0.00000000100000000000
1274	0.99999999900000002828	0.00000000100000000000
7242	0.13529907765782114848	0.86470092234217876825
1038	0.91844793869561347499	0.08155206130438651113
1527	0.00000000100000000000	0.99999999900000002828
6020	0.99558163063757798561	0.00441836936242205863
1169	0.99999999900000002828	0.00000000100000000000
9472	0.23026550694648817430	0.76973449305351171468
1059	0.99999999900000002828	0.00000000100000000000
2013	0.86723996131908587248	0.13276003868091412752
2045	0.99999999900000002828	0.00000000100000000000
1881	0.10633664537866051314	0.89366335462133950074
1829_B	0.11695492205874925828	0.88304507794125075559
9465	0.69712598961233496198	0.30287401038766509354
6193	0.11251192898405068532	0.88748807101594928692
7229	0.02716459346563670357	0.97283540653436328949
1569_A	0.12426447210964169932	0.87573552789035835620
1363	0.99999999900000002828	0.00000000100000000000
1858	0.10500580185247301856	0.89499419814752700919
1269	0.99999999900000002828	0.00000000100000000000
1534	0.19440483420413662285	0.80559516579586332163
9459	0.09783571091916237750	0.90216428908083756699
1452	0.99999999900000002828	0.00000000100000000000
338488	0.99999999900000002828	0.00000000100000000000
7220_A	0.14948466698793855256	0.85051533301206150295
332018	0.99498045585225569631	0.00501954414774435920
1221	0.99999999900000002828	0.00000000100000000000
9537_A	0.74242460325724657366	0.25757539674275353736
1712	0.42766592384788831849	0.57233407615211173702
1709_A	0.11710217966994590499	0.88289782033005415052
331016_A	0.99485687139567369197	0.00514312860432634099
1275	0.99999999900000002828	0.00000000100000000000
1423	0.99999999900000002828	0.00000000100000000000
1531	0.26558064321004537511	0.73441935678995451386
331005_B	0.99999999900000002828	0.00000000100000000000
1938	0.22097291965055992913	0.77902708034944012638
1049	0.99999999900000002828	0.00000000100000000000
1592	0.46600372570482029300	0.53399627429517970700
1095	0.99999999900000002828	0.00000000100000000000
7309_A	0.20650127391486713946	0.79349872608513283279
1181	0.99999999900000002828	0.00000000100000000000
1203	0.99999999900000002828	0.00000000100000000000
7467	0.19760493771129097884	0.80239506228870893789
1719	0.39923715537892895400	0.60076284462107110151
332016	0.98605888312781664329	0.01394111687218345906
82030	0.99383334057938765849	0.00616665942061230422
338494	0.99999999900000002828	0.00000000100000000000
338483	0.99870754118638771502	0.00129245881361230992
1368	0.99429187564269039257	0.00570812435730955799
1098	0.99999999900000002828	0.00000000100000000000
1195_A	0.99999999900000002828	0.00000000100000000000
2009	0.98437382122498573445	0.01562617877501431066
338485	0.99999999900000002828	0.00000000100000000000
1111	0.99999999900000002828	0.00000000100000000000
1634	0.99999999900000002828	0.00000000100000000000
1280	0.99999999900000002828	0.00000000100000000000
2023	0.99999999900000002828	0.00000000100000000000
1124	0.99999999900000002828	0.00000000100000000000
1778	0.12931332127641398388	0.87068667872358607163
1688_A	0.59197468533468422525	0.40802531466531583026
7439	0.26532607387810708266	0.73467392612189297285
1228	0.97401308008295794938	0.02598691991704208185
6032	0.99749411248015784626	0.00250588751984217326
1031	0.98674478666946785488	0.01325521333053219890
7315	0.22825840849189801829	0.77174159150810195396
1587_B	0.16052477689373589875	0.83947522310626410125
1361	0.99999999900000002828	0.00000000100000000000
6301	0.15728471425374157544	0.84271528574625842456
6157_A	0.99999999900000002828	0.00000000100000000000
1722	0.28109266120945247680	0.71890733879054746769
1647_B	0.09667621914337749811	0.90332378085662257128
1562	0.05470546851732924903	0.94529453148267073015
1236	0.98406537172717134521	0.01593462827282866867
1322_B	0.99999999900000002828	0.00000000100000000000
9473_C	0.27014330311692624775	0.72985669688307386327
1843	0.18526278430138920505	0.81473721569861079495
1134	0.99999999900000002828	0.00000000100000000000
1198	0.96876349136217254632	0.03123650863782745021
2005	0.95568297035804083972	0.04431702964195921579
1508	0.47384392097890098983	0.52615607902109906568
9556	0.59861071753132744089	0.40138928246867250360
1814	0.00000000100000000000	0.99999999900000002828
9481	0.00000000100000000000	0.99999999900000002828
1279	0.99999999900000002828	0.00000000100000000000
6030	0.99999999900000002828	0.00000000100000000000
7233	0.30449220816808303391	0.69550779183191691057
1585	0.99999999900000002828	0.00000000100000000000
7445_A	0.03085195366740782139	0.96914804633259221678
9530_A	0.59913458988563805807	0.40086541011436194193
1099	0.99999999900000002828	0.00000000100000000000
1668	0.99999999900000002828	0.00000000100000000000
6114	0.02383399241859932710	0.97616600758140070759
2011	0.99999999900000002828	0.00000000100000000000
1822	0.00000000100000000000	0.99999999900000002828
1793	0.00000000100000000000	0.99999999900000002828
1186_A	0.97895124568067826143	0.02104875431932181143
1405_A	0.02613228092901564645	0.97386771907098435008
7318	0.11117820494362500028	0.88882179505637504136
1073	0.99909610085826694448	0.00090389914173309748
2004	0.96019683960077839568	0.03980316039922157656
3003	0.99999999900000002828	0.00000000100000000000
1074	0.99778820798945355719	0.00221179201054641679
7278	0.14804799759535686166	0.85195200240464319386
330769	0.97278652088139083709	0.02721347911860920454
9549	0.05850844776741911252	0.94149155223258085279
1836	0.08675643508664140913	0.91324356491335867414
1528	0.00000000100000000000	0.99999999900000002828
1297	0.99440506209086387823	0.00559493790913601335
1107	0.98624106174992010043	0.01375893825007995855
130773_B	0.98370759462579915322	0.01629240537420076351
1880	0.03094085829836949048	0.96905914170163054422
1450	0.99999999900000002828	0.00000000100000000000
1665	0.00000000100000000000	0.99999999900000002828
7284	0.20326456879554041790	0.79673543120445955434
130711	0.99694695437542923955	0.00305304562457077086
1050	0.99999999900000002828	0.00000000100000000000
5107	0.99999999900000002828	0.00000000100000000000
1522	0.47793841053642244221	0.52206158946357750228
7327	0.08473405728527060032	0.91526594271472949682
1040	0.99999999900000002828	0.00000000100000000000
1204	0.99999999900000002828	0.00000000100000000000
338477	0.99945053287741469905	0.00054946712258527157
130713_B	0.99147479476910527207	0.00852520523089472966
1446	0.99999999900000002828	0.00000000100000000000
9479_A	0.00868989418205758264	0.99131010581794243297
338502	0.99999999900000002828	0.00000000100000000000
6107	0.99691801602747953659	0.00308198397252042438
331251	0.99519462344427966904	0.00480537655572028412
1171	0.99999999900000002828	0.00000000100000000000
333037	0.99302618116265028991	0.00697381883734967713
7314_C	0.08155176731685832847	0.91844823268314168541
1530	0.00501550546215761683	0.99498449453784243435
1942	0.19052750012409924718	0.80947249987590075282
7299	0.22563005124816426505	0.77436994875183573495
1676_A	0.32453450138372752498	0.67546549861627258604
9477	0.30365972200238378065	0.69634027799761610833
1512	0.47638331687295459860	0.52361668312704545691
1785	0.50466700377749595940	0.49533299622250398508
1581	0.04049008549249592109	0.95950991450750411360
1182	0.99999999900000002828	0.00000000100000000000
2099	0.36139289045214390006	0.63860710954785604443
1862	0.53501226073627017321	0.46498773926372988230
1250	0.99999999900000002828	0.00000000100000000000
338347	0.98659763403310962726	0.01340236596689033978
9499	0.00000000100000000000	0.99999999900000002828
1812	0.19414466522866891118	0.80585533477133108882
7463	0.22588682091377579320	0.77411317908622423456
1051	0.99999999900000002828	0.00000000100000000000
1875	0.29036658653360303273	0.70963341346639707830
9455	0.32468695591617352525	0.67531304408382653026
1447	0.99161025826435400532	0.00838974173564601376
1087	0.99722131541511915831	0.00277868458488078835
9555	0.54550040342859085207	0.45449959657140920344
330971	0.99607767250615841803	0.00392232749384148569
7298	0.05766966612813853588	0.94233033387186149188
1802	0.09248054317716632167	0.90751945682283374772
1529	0.53548260755946253120	0.46451739244053752431
7280	0.28997204896846917599	0.71002795103153071299
338391	0.98955451743172806456	0.01044548256827189901
2014	0.97995191629227107466	0.02004808370772890452
332020	0.57724856419265235807	0.42275143580734758642
1809	0.09660294631728266745	0.90339705368271738806
1640	0.99999999900000002828	0.00000000100000000000
1567	0.77433233960497660497	0.22566766039502342278
6078	0.99999999900000002828	0.00000000100000000000
1934	0.04761867864586392940	0.95238132135413600121
7310	0.25458619877102883766	0.74541380122897116234
333027	0.99759386150383599912	0.00240613849616399611
1115	0.99999999900000002828	0.00000000100000000000
7455_B	0.08182546361909261157	0.91817453638090740231
1641	0.99634104621268992918	0.00365895378731009120
1430	0.21869390095506952010	0.78130609904493053541
1521	0.79426361507292209119	0.20573638492707785330
2048	0.99999999900000002828	0.00000000100000000000
1629	0.77238209461958473590	0.22761790538041523635
1420	0.52166154113954987803	0.47833845886045006646
1393	0.09572112617420458491	0.90427887382579541509
1298	0.99557680987761076885	0.00442319012238923028
82041	0.99999999900000002828	0.00000000100000000000
7332	0.30098108820982671929	0.69901891179017328071
1672	0.33623731429292513795	0.66376268570707486205
1336	0.99999999900000002828	0.00000000100000000000
9501	0.16991855716138887233	0.83008144283861118318
1987	0.48787375845579367128	0.51212624154420638423
1817	0.29558044104554709319	0.70441955895445296232
7550_A	0.00000000100000000000	0.99999999900000002828
331020	0.73908122004313725473	0.26091877995686274527
7283	0.18272472719985269340	0.81727527280014733435
9476	0.22984741659917579115	0.77015258340082415334
1908	0.28507892154795888562	0.71492107845204111438
1676_B	0.32629292988618696647	0.67370707011381303353
1674	0.05706526823748594990	0.94293473176251396684
1861	0.07955805693194017980	0.92044194306805982020
1816	0.10999543712710006804	0.89000456287289997359
1553	0.49514871234318463822	0.50485128765681541729
1323	0.03355209419721844749	0.96644790580278161496
6162	0.31853810800417270421	0.68146189199582718476
3101	0.00000000100000000000	0.99999999900000002828
1033	0.99999999900000002828	0.00000000100000000000
6150_A	0.99999999900000002828	0.00000000100000000000
1108	0.99999999900000002828	0.00000000100000000000
1559	0.03729685633334525047	0.96270314366665477035
332046	0.29295085163540468542	0.70704914836459531458
1610	0.31560105774966029646	0.68439894225033970354
7221	0.09214160262283435654	0.90785839737716556019
334009	0.99591416952092437498	0.00408583047907554522
6300_A	0.15791971474844818113	0.84208028525155176336
7269	0.08014754138700548591	0.91985245861299447245
1264	0.99999999900000002828	0.00000000100000000000
7218	0.72593894545789794392	0.27406105454210194505
1734	0.08147494902927386595	0.91852505097072623119
7295	0.00000000100000000000	0.99999999900000002828
1213	0.99999999900000002828	0.00000000100000000000
6264_A	0.09774931447505617876	0.90225068552494380736
338486	0.99999999900000002828	0.00000000100000000000
1436	0.09635666506937126674	0.90364333493062864999
1307	0.99999999900000002828	0.00000000100000000000
1588	0.00000000100000000000	0.99999999900000002828
1444	0.56705868141898507773	0.43294131858101492227
1698	0.31899302011171121185	0.68100697988828884366
9502	0.00124732054286779749	0.99875267945713219753
1855_A	0.18944981520152739951	0.81055018479847262824
7314_B	0.05754944166477026640	0.94245055833522972666
1244	0.98954743362723340816	0.01045256637276657970
1314	0.99999999900000002828	0.00000000100000000000
1282	0.99999999900000002828	0.00000000100000000000
9497	0.48057545378812915882	0.51942454621187084118
1326	0.99999999900000002828	0.00000000100000000000
1845	0.10912564195806806477	0.89087435804193193523
1635_A	0.49590294347011210085	0.50409705652988789915
9495	0.77510413555162238630	0.22489586444837761370
1615	0.37114733260571280971	0.62885266739428724581
1414	0.99999999900000002828	0.00000000100000000000
9539	0.99999999900000002828	0.00000000100000000000
1979	0.28436742245322499389	0.71563257754677500611
1617	0.93332253503226236813	0.06667746496773765963
1432	0.99999999900000002828	0.00000000100000000000
1645	0.00888472677362179067	0.99111527322637826831
6268	0.06590324677697718958	0.93409675322302276879
1285	0.99999999900000002828	0.00000000100000000000
7272	0.11021369000200507970	0.88978630999799490642
7335	0.14230356661738247093	0.85769643338261747356
1708	0.55565864016496413491	0.44434135983503586509
9529	0.21463993273315551402	0.78536006726684459700
1321	0.99999999900000002828	0.00000000100000000000
9470	0.87687937111593738937	0.12312062888406266614
7479_A	0.24131476106231788958	0.75868523893768213817
1345	0.99999999900000002828	0.00000000100000000000
332019	0.99428482125491957078	0.00571517874508047780
9527	0.99999999900000002828	0.00000000100000000000
1002	0.99999999900000002828	0.00000000100000000000
1857	0.03202364628248243611	0.96797635371751766797
1852	0.10979546264287036450	0.89020453735712967713
7323	0.01443996099110088187	0.98556003900889910252
7290	0.59023781549292553272	0.40976218450707441177
1552	0.00000000100000000000	0.99999999900000002828
1114	0.99999999900000002828	0.00000000100000000000
7270	0.61316313109806097614	0.38683686890193907937
1591	0.01993913076081583677	0.98006086923918422915
6178	0.99999999900000002828	0.00000000100000000000
1044	0.99999999900000002828	0.00000000100000000000
7288	0.18309853429391706459	0.81690146570608290766
7324_B	0.05371642676935505650	0.94628357323064493656
1156	0.99999999900000002828	0.00000000100000000000
9507	0.56568602959472658043	0.43431397040527347508
1011	0.99999999900000002828	0.00000000100000000000
1294	0.99607043783789717128	0.00392956216210284520
1637	0.99133685834540563597	0.00866314165459438658
332045	0.66028747537215515262	0.33971252462784479187
1515_B	0.00000000100000000000	0.99999999900000002828
334705	0.47716396468361338412	0.52283603531638656037
9552_B	0.00000000100000000000	0.99999999900000002828
1627_A	0.66253887222011054181	0.33746112777988945819
1578	0.26461766195031904969	0.73538233804968089480
7239	0.48649688723010681146	0.51350311276989324405
1798	0.19869224682175559704	0.80130775317824431969
6134	0.99999999900000002828	0.00000000100000000000
1731	0.00000000100000000000	0.99999999900000002828
7471	0.15721628840722437492	0.84278371159277554181
7341	0.15078492688790279264	0.84921507311209720736
1511	0.27656433077597714076	0.72343566922402291475
1102	0.99999999900000002828	0.00000000100000000000
7212	0.00000000100000000000	0.99999999900000002828
338497	0.99999999900000002828	0.00000000100000000000
9498_B	0.17447723831573538900	0.82552276168426463876
82028	0.99999999900000002828	0.00000000100000000000
1729	0.09138351781063801249	0.90861648218936197363
1775	0.00887909818201801024	0.99112090181798195854
1733	0.25609576690380925212	0.74390423309619080339
1985	0.00000000100000000000	0.99999999900000002828
1413	0.99999999900000002828	0.00000000100000000000
1350	0.99333683536433659000	0.00666316463566337270
1459	0.07438924832916596341	0.92561075167083395332
7311	0.08530425704185795599	0.91469574295814204401
1525	0.94859392910457740467	0.05140607089542250513
1580	0.51138530689747374591	0.48861469310252625409
7473	0.01997515669451231657	0.98002484330548766955
1225	0.99999999900000002828	0.00000000100000000000
1419	0.47793004295726432273	0.52206995704273573278
1239	0.99999999900000002828	0.00000000100000000000
1217	0.99999999900000002828	0.00000000100000000000
9474	0.74810301118061028891	0.25189698881938971109
1669	0.46617602091394516606	0.53382397908605483394
1928	0.01541725795817115024	0.98458274204182882894
1546	0.37139551707623991161	0.62860448292376003288
9460	0.06508707758187923242	0.93491292241812085084
1630	0.29720643160183857212	0.70279356839816142788
1687	0.00000000100000000000	0.99999999900000002828
7211_B	0.23929628864143398514	0.76070371135856595934
1354	0.99999999900000002828	0.00000000100000000000
1819	0.03281288169913510605	0.96718711830086490089
1384	0.99449802390831920640	0.00550197609168083350
9528	0.48464476241648635213	0.51535523758351364787
1128	0.99999999900000002828	0.00000000100000000000
338491	0.53070682224109366754	0.46929317775890622144
338489	0.99999999900000002828	0.00000000100000000000
7314_A	0.04237316271034861914	0.95762683728965136698
1383	0.03656115155074846079	0.96343884844925153921
331018	0.99909000806838954567	0.00090999193161046929
6031	0.99999999900000002828	0.00000000100000000000
338360	0.99218926880655378131	0.00781073119344625512
1800	0.09276478138806137919	0.90723521861193867633
1556	0.56179998548494602950	0.43820001451505397050
7629	0.07255613575825413386	0.92744386424174585226
6133	0.99999999900000002828	0.00000000100000000000
1427	0.99999999900000002828	0.00000000100000000000
6118	0.99999999900000002828	0.00000000100000000000
1248	0.98808654289262198844	0.01191345710737800288
1453	0.72866052273133763428	0.27133947726866242123
1572_A	0.53882898847595306346	0.46117101152404693654
6272	0.31438993948424226454	0.68561006051575779097
1460	0.23983533335124246344	0.76016466664875759207
1403	0.98523059201437968024	0.01476940798562038394
1271	0.99999999900000002828	0.00000000100000000000
1584_A	0.51446426063678674101	0.48553573936321325899
6074	0.99999999900000002828	0.00000000100000000000
1362	0.99999999900000002828	0.00000000100000000000
1781	0.39363032466493025341	0.60636967533506980210
6077	0.99999999900000002828	0.00000000100000000000
9562	0.99561595486250042963	0.00438404513749961026
1545	0.46627432130493939866	0.53372567869506049032
9456	0.46334664780950973739	0.53665335219049026261
1238	0.98902458478752641735	0.01097541521247354795
7241	0.04552455306800012869	0.95447544693199992683
7324_A	0.06078948462220053889	0.93921051537779942642
1773	0.06839896161934470864	0.93160103838065522197
7334	0.10179674741077207600	0.89820325258922795175
1126	0.99999999900000002828	0.00000000100000000000
1795	0.47946541839468553858	0.52053458160531440591
1596	0.02673741736280692630	0.97326258263719311881
1027	0.99999999900000002828	0.00000000100000000000
1410	0.99999999900000002828	0.00000000100000000000
9504	0.46803846124421311092	0.53196153875578688908
7214	0.00267662991166912846	0.99732337008833082947
1796	0.06211261262797035387	0.93788738737202959062
1623	0.99999999900000002828	0.00000000100000000000
1187_A	0.99999999900000002828	0.00000000100000000000
6018	0.99360753671561141687	0.00639246328438859354
1205	0.99999999900000002828	0.00000000100000000000
338492	0.99997825665465400746	0.00002174334534603244
2021	0.99999999900000002828	0.00000000100000000000
334310	0.30009299868595362693	0.69990700131404626205
1293	0.99697726814629950010	0.00302273185370047518
1523	0.04254807253912621517	0.95745192746087381952
1416	0.02772079425579273421	0.97227920574420734212
6286	0.24861371052413577809	0.75138628947586416640
330770	0.99409328064366886402	0.00590671935633109782
9505	0.15169891655879949588	0.84830108344120047636
338467	0.99288103123150328599	0.00711896876849677038
1662	0.42821866100515892928	0.57178133899484107072
1851_A	0.33627683619314296948	0.66372316380685703052
338458	0.99999999900000002828	0.00000000100000000000
7326_B	0.54757611499137837097	0.45242388500862157352
7228	0.09919284436981033737	0.90080715563018964875
5110	0.99999999900000002828	0.00000000100000000000
7321	0.24136598637020875713	0.75863401362979121512
7285	0.17781467056933653037	0.82218532943066346963
1792	0.50930446206972324052	0.49069553793027675948
1647_C	0.28624401865735604744	0.71375598134264384154
1944	0.08377406859746590329	0.91622593140253405508
1670_A	0.49070620752500565542	0.50929379247499440009
1797	0.60804948461506069801	0.39195051538493924648
9540_A	0.99999999900000002828	0.00000000100000000000
1844	0.38872011067457606925	0.61127988932542387523
338495	0.99999999900000002828	0.00000000100000000000
9544	0.67737011254662760074	0.32262988745337239926
1043	0.99999999900000002828	0.00000000100000000000
7303	0.00000000100000000000	0.99999999900000002828
1892	0.20460305307899084859	0.79539694692100915141
1638_A	0.65319459589284034617	0.34680540410715970934
7208	0.11705406101721889389	0.88294593898278106447
334713	0.63826865333645355083	0.36173134666354644917
9532	0.21784274600191055882	0.78215725399808955220
9469	0.42530910607755911812	0.57469089392244088188
6275_A	0.12006742938441546109	0.87993257061558449728
7476	0.19226404375293748572	0.80773595624706251428
1607	0.41157208897097619094	0.58842791102902380906
2019	0.94563348205899822041	0.05436651794100169632
1789	0.00368203829177146712	0.99631796170822850556
1308	0.98903653936148605563	0.01096346063851385416
1976	0.13680452413348159757	0.86319547586651834692
1704_B	0.00000000100000000000	0.99999999900000002828
7277	0.28505245730872824650	0.71494754269127180901
3006	0.99999999900000002828	0.00000000100000000000
1707_B	0.99999999900000002828	0.00000000100000000000
1054	0.99999999900000002828	0.00000000100000000000
1625	0.11588378413553536428	0.88411621586446464960
1312	0.99999999900000002828	0.00000000100000000000
6103	0.99999999900000002828	0.00000000100000000000
7224	0.11595198768955800039	0.88404801231044194409
1570	0.01895388302172741277	0.98104611697827259764
1830	0.28103569551340229493	0.71896430448659764956
1550	0.04188617360539467760	0.95811382639460540567
9550	0.01107845972841593231	0.98892154027158407636
1173	0.99999999900000002828	0.00000000100000000000
1328_A	0.99999999900000002828	0.00000000100000000000
1943	0.92094237777377285781	0.07905762222622715607
1779_A	0.49835512265807663246	0.50164487734192342305
6122	0.99512100472114872751	0.00487899527885131152
334712	0.47372530353862557506	0.52627469646137448045
1779_B	0.01884376660330863706	0.98115623339669133518
3005	0.94290603656381399844	0.05709396343618601544
1594	0.03060551935249307062	0.96939448064750688427
1273	0.99999999900000002828	0.00000000100000000000
6128	0.18836006279939226937	0.81163993720060778614
9535	0.01924977786850348704	0.98075022213149654071
1620	0.98338451736108067891	0.01661548263891935232
7226	0.23657280728513341295	0.76342719271486669808
1532	0.47407159970668649729	0.52592840029331344720
1555	0.10860696486100589186	0.89139303513899414977
7223	0.32700213637156683166	0.67299786362843316834
1097	0.99999999900000002828	0.00000000100000000000
7286	0.07396316365588775921	0.92603683634411237957
7346	0.24301972956545581095	0.75698027043454418905
1262	0.99999999900000002828	0.00000000100000000000
1561	0.02110775137646722296	0.97889224862353274581
1065	0.99999999900000002828	0.00000000100000000000
9509	0.99999999900000002828	0.00000000100000000000
332013_A	0.99999999900000002828	0.00000000100000000000
1732	0.00000000100000000000	0.99999999900000002828
1136	0.99999999900000002828	0.00000000100000000000
6127_B	0.00000000100000000000	0.99999999900000002828
1941	0.04965397458647594076	0.95034602541352408700
1952	0.16099027409510349718	0.83900972590489653058
82014	0.99999999900000002828	0.00000000100000000000
1052	0.99999999900000002828	0.00000000100000000000
9508	0.29361450433255559256	0.70638549566744446295
6168_A	0.99999999900000002828	0.00000000100000000000
6157_B	0.53436304748192731129	0.46563695251807274422
1159	0.99999999900000002828	0.00000000100000000000
1438	0.21422616813305367378	0.78577383186694638173
7604	0.13182575675697555395	0.86817424324302450156
1520	0.00000000100000000000	0.99999999900000002828
6099	0.99999999900000002828	0.00000000100000000000
6245_A	0.00849233184244634412	0.99150766815755364547
1807	0.21622827401358421517	0.78377172598641586809
1650	0.99999999900000002828	0.00000000100000000000
7322	0.20178290157021397389	0.79821709842978605387
3102	0.09902811081793315429	0.90097188918206694286
338499	0.99999999900000002828	0.00000000100000000000
1257	0.98199313213725891725	0.01800686786274103071
332010_A	0.99574402038059750542	0.00425597961940246943
7353	0.10978093989904615102	0.89021906010095375184
9468	0.28624630384257315763	0.71375369615742689788
7287	0.24176786999692367885	0.75823213000307632115
7220_B	0.19421631844146344803	0.80578368155853663524
1939	0.16173713281163576427	0.83826286718836429124
1224	0.97422400204011494473	0.02577599795988511078
1696	0.24572684231774047370	0.75427315768225955406
1608_A	0.00000000100000000000	0.99999999900000002828
1242	0.99280976221133987458	0.00719023778866010720
1893	0.00000000100000000000	0.99999999900000002828
1109	0.99999999900000002828	0.00000000100000000000
2017	0.99726651514649711228	0.00273348485350286040
1035	0.99999999900000002828	0.00000000100000000000
338498	0.74615416185123084603	0.25384583814876915397
1120	0.99999999900000002828	0.00000000100000000000
1456	0.82885487738089580478	0.17114512261910416746
1659	0.15689806544607043381	0.84310193455392956619
1539	0.01617479737834135595	0.98382520262165862324
7465	0.30070735816572480292	0.69929264183427530810
1932	0.14646152200755260808	0.85353847799244741967
7329	0.51416563234887180389	0.48583436765112819611
1322_A	0.97354811284152009687	0.02645188715847998639
1639	0.00000000100000000000	0.99999999900000002828
7623	0.08127263910661604307	0.91872736089338391530
1077	0.98565671868095705577	0.01434328131904296331
1613_A	0.11254690860263324992	0.88745309139736672233
6085_A	0.99999999900000002828	0.00000000100000000000
338504	0.99999999900000002828	0.00000000100000000000
9546	0.89106691722538067246	0.10893308277461932754
7316	0.42559864677465386595	0.57440135322534613405
1688_B	0.14993911339178589426	0.85006088660821410574
130712	0.99999999900000002828	0.00000000100000000000
6091_B	0.99999999900000002828	0.00000000100000000000
1500_A	0.03522774307256799908	0.96477225692743207031
1003	0.99999999900000002828	0.00000000100000000000
1251	0.99999999900000002828	0.00000000100000000000
7336	0.13017582004507055604	0.86982417995492944396
1509	0.02725445417179445454	0.97274554582820560444
1017	0.97350466383780565049	0.02649533616219440849
1374	0.99999999900000002828	0.00000000100000000000
1412	0.00000000100000000000	0.99999999900000002828
9485	0.24751745512993103548	0.75248254487006893676
1526	0.00000000100000000000	0.99999999900000002828
1693	0.99999999900000002828	0.00000000100000000000
334706	0.36161040932361826483	0.63838959067638156863
1131	0.99999999900000002828	0.00000000100000000000
1495	0.76334444153693314927	0.23665555846306687848
7339	0.05746799992859074474	0.94253200007140924832
9558	0.19219731825141109227	0.80780268174858893548
330663	0.99458020877924591119	0.00541979122075407927
7204	0.33217722254360609879	0.66782277745639395672
1884	0.21775919631668683163	0.78224080368331316837
1230	0.99999999900000002828	0.00000000100000000000
1036	0.99999999900000002828	0.00000000100000000000
1132	0.99999999900000002828	0.00000000100000000000
1057	0.99999999900000002828	0.00000000100000000000
1697	0.74308922513560049516	0.25691077486439956035
1564	0.05806123831023277115	0.94193876168976720109
1514	0.14198342341914790832	0.85801657658085206393
1424	0.65085334778139214418	0.34914665221860796684
6112	0.99973620916295558025	0.00026379083704438126
1184	0.99146291764694716164	0.00853708235305281754
338480	0.99972213071519355765	0.00027786928480649727
7209_A	0.07848981244625233278	0.92151018755374769498
5742	0.04534381104898925485	0.95465618895101078678
82002_B	0.99999999900000002828	0.00000000100000000000
1317	0.99999999900000002828	0.00000000100000000000
1772	0.29716194751213820258	0.70283805248786179742
2003	0.95861919660735461779	0.04138080339264542384
7472	0.08730197854266387447	0.91269802145733613941
82015	0.99999999900000002828	0.00000000100000000000
7237	0.97340035452477680078	0.02659964547522317146
1936	0.08555214157622494098	0.91444785842377507290
1425	0.48547762685987133624	0.51452237314012860825
1803	0.52854134618732240281	0.47145865381267765271
7297_A	0.10751991795844043076	0.89248008204155959699
1123	0.99999999900000002828	0.00000000100000000000
7459	0.09019849757976738935	0.90980150242023261065
332007	0.67763048516362656137	0.32236951483637349414
1707_A	0.53618338030166623476	0.46381661969833382075
338493	0.96222851592146074751	0.03777148407853929413
334004	0.99072454684745370201	0.00927545315254634135
1101	0.99999999900000002828	0.00000000100000000000
1860	0.09081931252191288717	0.90918068747808700181
1648_B	0.08447439498385188317	0.91552560501614810295
332003	0.99999999900000002828	0.00000000100000000000
334302	0.22335334083773117353	0.77664665916226882647
1371	0.99999999900000002828	0.00000000100000000000
1600	0.00000000100000000000	0.99999999900000002828
6115	0.05220484883968653372	0.94779515116031354260
1229	0.99999999900000002828	0.00000000100000000000
2057	0.99601011368262648560	0.00398988631737351787
1104	0.99999999900000002828	0.00000000100000000000
2018	0.99999999900000002828	0.00000000100000000000
9463	0.00000000100000000000	0.99999999900000002828
1660	0.04598933548300020852	0.95401066451699978455
1557	0.24018259138040315426	0.75981740861959690125
9483	0.33764985605880931674	0.66235014394119062775
1381	0.00000000100000000000	0.99999999900000002828
1378	0.01311766765923718346	0.98688233234076283562
1878	0.17892736267842945797	0.82107263732157054203
9536	0.74798953429322379005	0.25201046570677615444
1439	0.41470467810605671222	0.58529532189394317676
1351	0.99999999900000002828	0.00000000100000000000
1705	0.99999999900000002828	0.00000000100000000000
7276	0.51391870654984195266	0.48608129345015810285
1045	0.99999999900000002828	0.00000000100000000000
6248_B	0.12807834024565992181	0.87192165975434010594
1426	0.11513633528061753553	0.88486366471938249223
1826	0.10492275114620863707	0.89507724885379136293
1199_A	0.99999999900000002828	0.00000000100000000000
331011_A	0.50041646909009673827	0.49958353090990331724
1589	0.57852964053089128704	0.42147035946910871296
1170	0.99123746131615753097	0.00876253868384248638
7301_A	0.02222897023534049429	0.97777102976465957163
1648_A	0.41260707884920910793	0.58739292115079089207
82040	0.99999999900000002828	0.00000000100000000000
1616_B	0.99068528219672924440	0.00931471780327079550
1167	0.99999999900000002828	0.00000000100000000000
7275	0.28001471377978848221	0.71998528622021151779
7326_A	0.49674665709662030322	0.50325334290337975229
7268	0.07182608869966325416	0.92817391130033677360
9541	0.25119855664889884084	0.74880144335110121467
1195_B	0.99999999900000002828	0.00000000100000000000
1714	0.66831842527002272014	0.33168157472997739088
5237	0.03418822806850772833	0.96581177193149225779
1603	0.51494363385222263751	0.48505636614777730697
6154	0.99999999900000002828	0.00000000100000000000
6079	0.99999999900000002828	0.00000000100000000000
1240	0.99999999900000002828	0.00000000100000000000
2025	0.99999999900000002828	0.00000000100000000000
130774	0.99741874651747075564	0.00258125348252924002
9500	0.10953566480136731065	0.89046433519863266159
6093_A	0.99894099258505342220	0.00105900741494667798
332004	0.99999999900000002828	0.00000000100000000000
331012	0.99999999900000002828	0.00000000100000000000
82018	0.99629557790112388549	0.00370442209887620992
1791	0.27992254844484842913	0.72007745155515157087
7217	0.00000000100000000000	0.99999999900000002828
1923	0.16672696469771447481	0.83327303530228546968
9451	0.15527777171458276295	0.84472222828541720929
1037	0.99999999900000002828	0.00000000100000000000
332024	0.13632181890793731993	0.86367818109206273558
1780	0.21429696403551007355	0.78570303596448998196
1644	0.99704639836747432913	0.00295360163252572812
7291	0.32784212679617913411	0.67215787320382081038
7484	0.06022933742849807814	0.93977066257150199124
1873	0.58672980574818711652	0.41327019425181282797
1954	0.51802516199140480335	0.48197483800859514114
332006	0.99748565421417478838	0.00251434578582527711
1895	0.29051512229314452318	0.70948487770685542131
9478	0.99375293121726560042	0.00624706878273440912
1827	0.00000000100000000000	0.99999999900000002828
7236	0.23054791767846732897	0.76945208232153272654
338500	0.99999999900000002828	0.00000000100000000000
1286	0.99999999900000002828	0.00000000100000000000
1256	0.99999999900000002828	0.00000000100000000000
1311	0.99999999900000002828	0.00000000100000000000
1635_B	0.46510686813859386524	0.53489313186140607925
7289	0.56646598839871076247	0.43353401160128934855
338501	0.99207070093181559667	0.00792929906818446925
1575	0.25066914486122970906	0.74933085513877017991
333008	0.99173392391423609293	0.00826607608576387931
6130	0.99999999900000002828	0.00000000100000000000
1121	0.99999999900000002828	0.00000000100000000000
334304	0.34268165081153395546	0.65731834918846610005
82001	0.99999999900000002828	0.00000000100000000000
331006_A	0.99573842868280715290	0.00426157131719279852
1516_B	0.00000000100000000000	0.99999999900000002828
1079	0.99999999900000002828	0.00000000100000000000
1649	0.14649312446341725136	0.85350687553658277640
1576	0.47792819662556546012	0.52207180337443459539
9547	0.01284888553361605151	0.98715111446638392767
6277	0.19596745519181263395	0.80403254480818731054
332005	0.99999999900000002828	0.00000000100000000000
1566	0.00000000100000000000	0.99999999900000002828
334301	0.48645059544265062401	0.51354940455734943150
1835	0.27812616744372797850	0.72187383255627202150
1597	0.00000000100000000000	0.99999999900000002828
2015_B	0.98274581396677773704	0.01725418603322222827
1666	0.28806383592800621773	0.71193616407199378227
1691	0.48689258549164698975	0.51310741450835295474
6179	0.99235285708018716733	0.00764714291981285783
330974	0.99491131782506858627	0.00508868217493140939
7451	0.13303749149615604064	0.86696250850384393161
6019	0.99999999900000002828	0.00000000100000000000
1364	0.99999999900000002828	0.00000000100000000000
9457	0.58940131831529440909	0.41059868168470564642
1663_A	0.64097680948585944449	0.35902319051414050000
6090	0.99999999900000002828	0.00000000100000000000
9538	0.99999999900000002828	0.00000000100000000000
1631	0.00000000100000000000	0.99999999900000002828
9563	0.76069369279320053767	0.23930630720679949008
1558_A	0.09748690934424257548	0.90251309065575746615
1185	0.99999999900000002828	0.00000000100000000000
1276	0.99999999900000002828	0.00000000100000000000
1409	0.99999999900000002828	0.00000000100000000000
1624	0.58727414295456537019	0.41272585704543474083
1112_A	0.99999999900000002828	0.00000000100000000000
1429	0.99999999900000002828	0.00000000100000000000
6076_B	0.78905504959347072536	0.21094495040652933016
1443	0.99999999900000002828	0.00000000100000000000
7344	0.02110330762610000341	0.97889669237389997924
5111	0.99999999900000002828	0.00000000100000000000
1237	0.99999999900000002828	0.00000000100000000000
1519	0.04857338011059164629	0.95142661988940835371
331004	0.98386416545268184919	0.01613583454731818898
7281	0.28723852883027339855	0.71276147116972654594
1547	0.49250223310983365366	0.50749776689016634634
1119	0.99999999900000002828	0.00000000100000000000
1926	0.10664222675174851729	0.89335777324825149659
6259	0.51939620298344102434	0.48060379701655903117
6120	0.99412746571744337043	0.00587253428255662003
9510	0.99999999900000002828	0.00000000100000000000
9487	0.09071440966751653789	0.90928559033248346211
7355	0.08108870639702418781	0.91891129360297585382
7211_A	0.28045199221283095836	0.71954800778716898613
1510	0.99999999900000002828	0.00000000100000000000
1019	0.99999999900000002828	0.00000000100000000000
1889	0.59672339560565346162	0.40327660439434653838
331019	0.99837658435148446401	0.00162341564851549197
7273	0.13053283471242060898	0.86946716528757939102
1673	0.27122556375368461756	0.72877443624631543795
1063	0.99999999900000002828	0.00000000100000000000
1284	0.99999999900000002828	0.00000000100000000000
338470	0.99999999900000002828	0.00000000100000000000
1415	0.00000000100000000000	0.99999999900000002828
1513	0.00028734719601419888	0.99971265280398580177
7207	0.00642152233383860935	0.99357847766616136376
1272	0.99372726316608306352	0.00627273683391694169
7274	0.12272317222512769963	0.87727682777487225874
333021	0.99711218185260730440	0.00288781814739270774
331007_A	0.99999999900000002828	0.00000000100000000000
1535	0.03902531601407391304	0.96097468398592611472
1449	0.70236305356074280049	0.29763694643925714400
9471	0.70998754729229152094	0.29001245270770842355
1247	0.99999999900000002828	0.00000000100000000000
82003	0.99999999900000002828	0.00000000100000000000
333026	0.99984560232219765741	0.00015439767780225973
6126	0.00798140039987652039	0.99201859960012350736
330768	0.98973936439011034327	0.01026063560988970010
1041	0.99999999900000002828	0.00000000100000000000
1726	0.22682624670990816917	0.77317375329009185858
1428	0.99812978496707871479	0.00187021503292130256
1851_B	0.25032473378787140073	0.74967526621212854376
1113	0.99212672997618223114	0.00787327002381772376
6129	0.99999999900000002828	0.00000000100000000000
1890_B	0.52381279688367488045	0.47618720311632500852
6135	0.10786909959749796384	0.89213090040250198065
331009	0.99999997058124567850	0.00000002941875437283
1543	0.04153290529113379259	0.95846709470886626292
1110	0.99999999900000002828	0.00000000100000000000
1876	0.10422783902134075129	0.89577216097865930422
7302	0.09381452900636716441	0.90618547099363289110
1174	0.99999999900000002828	0.00000000100000000000
82021	0.99999999900000002828	0.00000000100000000000
6076_A	0.99499790495549345071	0.00500209504450659266
1986	0.00090511697132640415	0.99909488302867355269
7313	0.07783840008951284362	0.92216159991048718414
7312	0.06075446393941792006	0.93924553606058214239
1717_B	0.00000000100000000000	0.99999999900000002828
1890_A	0.99999999900000002828	0.00000000100000000000
1609	0.45804729912464664521	0.54195270087535341030
7357	0.23186859418119756815	0.76813140581880245961
330707	0.98446182235055901266	0.01553817764944102724
1206	0.99999999900000002828	0.00000000100000000000
6151	0.99999999900000002828	0.00000000100000000000
9475	0.67832904967843965505	0.32167095032156034495
1503	0.66054780108140398465	0.33945219891859607086
332015	0.99999999900000002828	0.00000000100000000000
7359_B	0.17376908708784263857	0.82623091291215733367
334308	0.39031035114015577570	0.60968964885984422430
1100	0.99999999900000002828	0.00000000100000000000
1506	0.97903357437801830088	0.02096642562198176504
1106	0.99999999900000002828	0.00000000100000000000
9486_A	0.56794482940647972313	0.43205517059352027687
338471	0.99999999900000002828	0.00000000100000000000
1537	0.10867261563294282334	0.89132738436705716278
1461	0.05645599519127324217	0.94354400480872668844
6014	0.99999999900000002828	0.00000000100000000000
6180	0.99999999900000002828	0.00000000100000000000
1278	0.99885872826828148163	0.00114127173171855805
2006	0.90156373356386543261	0.09843626643613455351
7362	0.69863213733616469359	0.30136786266383536192
1028	0.99999999900000002828	0.00000000100000000000
1227	0.99999999900000002828	0.00000000100000000000
1498	0.06734732971897985920	0.93265267028102005753
9464	0.00000000100000000000	0.99999999900000002828
9452	0.45997570758842815097	0.54002429241157190454
338457	0.98867760975789376054	0.01132239024210628282
4183-label-inside-334183	0.99953159472328312329	0.00046840527671691427
1333	0.99999999900000002828	0.00000000100000000000
7209_B	0.15238413158645583434	0.84761586841354419342
1738	0.28479662174111147754	0.71520337825888857797
1784	0.36099534052473641887	0.63900465947526352561
82042	0.99999999900000002828	0.00000000100000000000
1655_B	0.04652427290918962483	0.95347572709081029885
5320	0.17277822492277097877	0.82722177507722904899
7331	0.04851986135709319969	0.95148013864290670316
1533	0.02927688870972169899	0.97072311129027832877
1270	0.99999999900000002828	0.00000000100000000000
1647_A	0.15279357415617722538	0.84720642584382266360
1117	0.99863028286097210717	0.00136971713902779785
9458	0.45336365177632592660	0.54663634822367412891
1377	0.99999999900000002828	0.00000000100000000000
1029	0.99999999900000002828	0.00000000100000000000
1675	0.26634992438906990309	0.73365007561093009691
1306	0.99999999900000002828	0.00000000100000000000
1375	0.98306468282475079068	0.01693531717524918156
9545	0.00000000100000000000	0.99999999900000002828
1370	0.99999999900000002828	0.00000000100000000000
7301_B	0.22194149995579351420	0.77805850004420640253
7294	0.11030823755227577021	0.88969176244772418816
1622	0.69489642917508831488	0.30510357082491162961
338466	0.99999999900000002828	0.00000000100000000000
1468	0.00000000100000000000	0.99999999900000002828
1025	0.99999999900000002828	0.00000000100000000000
1579	0.27583917999968571300	0.72416082000031423149
7468	0.05047890678815029203	0.94952109321184974267
82011	0.99999999900000002828	0.00000000100000000000
7352	0.13521471248636690587	0.86478528751363314964
1440	0.03509546783371542827	0.96490453216628457866
82046	0.99999999900000002828	0.00000000100000000000
1815	0.00290344736072564637	0.99709655263927432500
6182	0.57626318150789623829	0.42373681849210370620
7461	0.07232009881034180687	0.92767990118965815149
1904	0.34475518630697599143	0.65524481369302400857
1616_A	0.98143619458108699583	0.01856380541891302152
1618	0.55137159781027500483	0.44862840218972505069
7213	0.05774852152623706492	0.94225147847376289345
1365	0.99999999900000002828	0.00000000100000000000
1540	0.67353094820627723571	0.32646905179372281980
1587_A	0.43689291670553770386	0.56310708329446224063
1089	0.99999999900000002828	0.00000000100000000000
331016_B	0.98713903918814493998	0.01286096081185510512
1636	0.98358487987466503011	0.01641512012533497683
1783	0.53994112192614518442	0.46005887807385487109
7215	0.31118649396667946716	0.68881350603332058835
1808	0.00000000100000000000	0.99999999900000002828
9503	0.15232529482447382252	0.84767470517552623299
7297_B	0.16332481537113988090	0.83667518462886003583
330771_A	0.99122798993129002110	0.00877201006871001013
1924	0.99999999900000002828	0.00000000100000000000
3001_A	0.98404557828768135508	0.01595442171231865186
1818	0.17485349097889171799	0.82514650902110842079
7338	0.00000000100000000000	0.99999999900000002828
1056	0.99999999900000002828	0.00000000100000000000
7333	0.10571097965236440908	0.89428902034763557705
1736_A	0.65941749303908603341	0.34058250696091402210
1411	0.10202090002182566397	0.89797909997817437766
331013	0.99999999900000002828	0.00000000100000000000
6283_A	0.61075303353180543375	0.38924696646819456625
1839_A	0.18907469552170749760	0.81092530447829258566
6098_B	0.99999999900000002828	0.00000000100000000000
330709	0.97989684976719881870	0.02010315023280126803
1682	0.02132946313463710691	0.97867053686536287227
1680	0.04834020303936037433	0.95165979696063962567
2012	0.97280040063829376074	0.02719959936170630518
1197	0.99999999900000002828	0.00000000100000000000
1304	0.99999999900000002828	0.00000000100000000000
1977	0.28759369299307357970	0.71240630700692653132
6119	0.99999999900000002828	0.00000000100000000000
6098_A	0.99999999900000002828	0.00000000100000000000
1105	0.99999999900000002828	0.00000000100000000000
1232	0.99999999900000002828	0.00000000100000000000
1442	0.99999999900000002828	0.00000000100000000000
9543	0.21882046583848305255	0.78117953416151697521
7350	0.44062197818206055855	0.55937802181793938594
1144	0.99999999900000002828	0.00000000100000000000
1283	0.99999999900000002828	0.00000000100000000000
1560	0.47431361322325832353	0.52568638677674173199
5741	0.27440234320848255756	0.72559765679151755347
333018	0.99999999900000002828	0.00000000100000000000
338505	0.98415312192875781250	0.01584687807124209036
338503	0.99149060847455250389	0.00850939152544745968
1840	0.15050884642487336040	0.84949115357512661184
2015_A	0.98187160992967748019	0.01812839007032249899
1435	0.02385385466912594982	0.97614614533087407100
1129	0.99999999900000002828	0.00000000100000000000
1710	0.39930833008038879584	0.60069166991961120416
1418	0.24200141536487679295	0.75799858463512315154
7293_A	0.13283427411196255252	0.86716572588803753074
1130	0.99999999900000002828	0.00000000100000000000
7225	0.18784032360448085774	0.81215967639551911450
1921	0.62128022696373719214	0.37871977303626275235
1586	0.15852489269685840489	0.84147510730314156735
6153_A	0.99999999900000002828	0.00000000100000000000
1505	0.99999999900000002828	0.00000000100000000000
9462	0.79166707162330185454	0.20833292837669820097
1125	0.99999999900000002828	0.00000000100000000000
1694	0.99999999900000002828	0.00000000100000000000
1681	0.70900790700080307261	0.29099209299919692739
1776	0.12027715196539910669	0.87972284803460099045
6279	0.40897636086087774121	0.59102363913912225879
332014	0.67982414798577051052	0.32017585201422960051
1407	0.99999999900000002828	0.00000000100000000000
1599	0.40359887717992176670	0.59640112282007817779
1161	0.98667487656832320031	0.01332512343167685000
1376_B	0.99999999900000002828	0.00000000100000000000
6155	0.99999999900000002828	0.00000000100000000000
6089	0.99397428746847016345	0.00602571253152988946
338479	0.99999999900000002828	0.00000000100000000000
1058	0.99999999900000002828	0.00000000100000000000
1382	0.25903830742275490984	0.74096169257724497914
1626	0.99999999900000002828	0.00000000100000000000
1864	0.47547006439615041584	0.52452993560384963967
6104	0.99999999900000002828	0.00000000100000000000
6246_A	0.99729425132558935374	0.00270574867441060549
1971	0.15996403277638149287	0.84003596722361850713
6266	0.28158023964555822793	0.71841976035444177207
1277	0.99999999900000002828	0.00000000100000000000
7317	0.10371641924307703486	0.89628358075692293738
332048	0.55334674034016639865	0.44665325965983371237
1085	0.99999999900000002828	0.00000000100000000000
1235	0.99999999900000002828	0.00000000100000000000
1988	0.08234579353053117501	0.91765420646946882499
1536	0.67450035078949366341	0.32549964921050633659
333031	0.48407991961489138522	0.51592008038510861478
1122	0.99999999900000002828	0.00000000100000000000
1788	0.00000000100000000000	0.99999999900000002828
6022	0.99999999900000002828	0.00000000100000000000
7345	0.24260589991212505590	0.75739410008787499962
338481	0.99725045993823591139	0.00274954006176414325
7271	0.14704009253258792933	0.85295990746741201516
6267	0.15198280198805871888	0.84801719801194130888
1689	0.99999999900000002828	0.00000000100000000000
1448	0.99999999900000002828	0.00000000100000000000
1982	0.08579457517445553127	0.91420542482554445485
334320	0.33923096815610775945	0.66076903184389224055
1501	0.02666980427062831671	0.97333019572937173880
1801	0.36400122946851193317	0.63599877053148812234
9561	0.99913809893526417394	0.00086190106473585533
1838	0.40593964922605052514	0.59406035077394947486
1133	0.99999999900000002828	0.00000000100000000000
9560	0.99999999900000002828	0.00000000100000000000
2022	0.99999999900000002828	0.00000000100000000000
1309	0.97876883093763433763	0.02123116906236572482
1670_B	0.99999999900000002828	0.00000000100000000000
331014_B	0.99999999900000002828	0.00000000100000000000
1042	0.99999999900000002828	0.00000000100000000000
2016	0.99657218832721805590	0.00342781167278199224
1399	0.49035377100660748617	0.50964622899339251383
1868_A	0.46854086985555293277	0.53145913014444712275
1799	0.00000000100000000000	0.99999999900000002828
1538	0.79984021377189429280	0.20015978622810559617
7441	0.11356186284217976989	0.88643813715782016072
1813	0.24682401716465748875	0.75317598283534248349
1604	0.00000000100000000000	0.99999999900000002828
7222	0.09630221647298142784	0.90369778352701857216
1565	0.05226043916907697345	0.94773956083092303349
1811	0.06571874199900665237	0.93428125800099337539
7296	0.00248414710292526155	0.99751585289707478399
1437	0.99999999900000002828	0.00000000100000000000
1894	0.00000090601279533265	0.99999909398720465692
6296	0.11810733645547424886	0.88189266354452566787
1072	0.99999999900000002828	0.00000000100000000000
7340	0.09927436998007146962	0.90072563001992855813
82044	0.94407962749645768508	0.05592037250354234962
2001	0.99021929393419483301	0.00978070606580522077
9454	0.71825057675298786819	0.28174942324701213181
9531	0.76519301683722384944	0.23480698316277615056
6121_A	0.99184492479612806903	0.00815507520387199515
1422	0.99999999900000002828	0.00000000100000000000
334303	0.35158415553595240288	0.64841584446404754161
82004	0.99999999900000002828	0.00000000100000000000
1103	0.97472252683976223775	0.02527747316023781429
1517	0.36328696614350536320	0.63671303385649458129
1034	0.99999999900000002828	0.00000000100000000000
1032	0.95954168963617847421	0.04045831036382153967
332043	0.44503173319092342863	0.55496826680907662688
1544	0.10667933253262834592	0.89332066746737159857
9484	0.48999901326587652628	0.51000098673412352923
1281	0.99999999900000002828	0.00000000100000000000
7538	0.12636363712927770053	0.87363636287072232722
1777	0.07504035319893423428	0.92495964680106579348
82010	0.99999999900000002828	0.00000000100000000000
1434	0.99999999900000002828	0.00000000100000000000
1209	0.99999999900000002828	0.00000000100000000000
9482	0.60339213163857818856	0.39660786836142181144
7491	0.03935857477703744167	0.96064142522296247506
1867	0.33101404167672804357	0.66898595832327190092
9548	0.30420963330200379016	0.69579036669799632087
1421	0.99999999900000002828	0.00000000100000000000
1022	0.99999999900000002828	0.00000000100000000000
1855_B	0.02639172699925159196	0.97360827300074836987
6102	0.99009081439584301076	0.00990918560415704301
1683	0.14163322625820382039	0.85836677374179626288
1605	0.49701388664652551563	0.50298611335347453988
1458	0.50398931654713530204	0.49601068345286475347
338496	0.99615664138714765663	0.00384335861285244355
1611	0.21429996207083537585	0.78570003792916465191
338490	0.99404929513254680629	0.00595070486745314688
1739	0.97246807987334704659	0.02753192012665299157
334300	0.38578669178569491294	0.61421330821430508706
2039_A	0.99999999900000002828	0.00000000100000000000
1348_A	0.99999999900000002828	0.00000000100000000000
9496	0.63476164139390434116	0.36523835860609576986
1677	0.66660737874319531127	0.33339262125680474425
82019_A	0.99999999900000002828	0.00000000100000000000
1718	0.23904694861469588663	0.76095305138530411337
1290	0.99999999900000002828	0.00000000100000000000
1713	0.38762955617073863168	0.61237044382926131281
1445	0.98645626152948673315	0.01354373847051326164
1834	0.35144909842682287016	0.64855090157317718536
1243	0.99999999900000002828	0.00000000100000000000
6008	0.99566084575964342029	0.00433915424035662741
5260	0.03151039415370055635	0.96848960584629939508
1179	0.99999999900000002828	0.00000000100000000000
1388	0.99999999900000002828	0.00000000100000000000
1970	0.22370363092133513372	0.77629636907866483853
330973	0.62530651102181844525	0.37469348897818149924
6091_A	0.99999999900000002828	0.00000000100000000000
1847	0.89552364574775500383	0.10447635425224506556
1408	0.25795772664430532961	0.74204227335569461488
7328	0.37440073213134056340	0.62559926786865949211
1066	0.97978499768166993356	0.02021500231833004563
330710	0.99590157477252549967	0.00409842522747457319
9533	0.54447714920367229485	0.45552285079632776066
1956	0.27157153712274129109	0.72842846287725859789
7446_B	0.19792101694297456471	0.80207898305702540753
6152	0.99999999900000002828	0.00000000100000000000
6113	0.99999999900000002828	0.00000000100000000000
1376_A	0.99999999900000002828	0.00000000100000000000
1356	0.99999999900000002828	0.00000000100000000000
5103	0.96423756009777505938	0.03576243990222492675
9498_A	0.11408869256966636119	0.88591130743033363881
7206	0.07618499801754813339	0.92381500198245192212
1574	0.52139299956858087270	0.47860700043141918281
1810_B	0.00000000100000000000	0.99999999900000002828
1896	0.36530470023489147735	0.63469529976510852265
1643	0.25939459688454868935	0.74060540311545131065
9506	0.00421905925768374657	0.99578094074231615629
1441	0.18147360736882756083	0.81852639263117243917
1887	0.32053545602885569199	0.67946454397114430801
7450_A	0.17586170925332836323	0.82413829074667166452
7360	0.10720437209373943899	0.89279562790626043611
6156	0.99999999900000002828	0.00000000100000000000
1358	0.99808394187997595548	0.00191605812002399118
7454	0.16403141386909825261	0.83596858613090174739
5114	0.99999999900000002828	0.00000000100000000000
7293_B	0.00000000100000000000	0.99999999900000002828
1024	0.99999999900000002828	0.00000000100000000000
1455	0.99999999900000002828	0.00000000100000000000
7456	0.07850210272635221864	0.92149789727364783687
1632	0.00997889848652521241	0.99002110151347477718
7447	0.27931149414194167413	0.72068850585805832587
7342	0.06267062978822526831	0.93732937021177475945
1515_A	0.04126031314204326589	0.95873968685795674105
1702	0.16547301622062376980	0.83452698377937628571
1863	0.05073130470689353466	0.94926869529310642370
9530_B	0.59999896017788278968	0.40000103982211721032
1433	0.00277577180023252370	0.99722422819976752617
7330	0.00000000100000000000	0.99999999900000002828
7551	0.11422334459875368995	0.88577665540124628230
1118	0.95282619815505154026	0.04717380184494843198
1404	0.99999999900000002828	0.00000000100000000000
7649	0.12123142291880256716	0.87876857708119737733
338451	0.97142289124139158396	0.02857710875860847849
1614_B	0.47633173371088294301	0.52366826628911711250
7361	0.14040272253432531380	0.85959727746567471396
7325	0.26466894165139537298	0.73533105834860457151
1883	0.33386929818708999118	0.66613070181291000882
9540_B	0.99999999900000002828	0.00000000100000000000
1431	0.00000000100000000000	0.99999999900000002828
331007_B	0.99463561218592000390	0.00536438781408000304
1178	0.99283196856260036434	0.00716803143739959490
